Bavette's Bar & Boeuf////I can't wait to return! 