Cafe Ba-Ba-Reeba!////Spicy Potato with Tomato alioli...Crisp, warm potatoes with a tad bit spicy tomato alioli... simple but absolutely delish 