Common Bond Bistro & Bakery - Montrose////SALTED CARAMEL MACARON 